8452129349454371
4224458016660711
5980267369016967
5148147393966104
5883283457159254
5656751047863664
6920693676203617
885981132228149
167662010612361
5304012986012514
1829690192859070
6802743074235800
1716113465987232
6256911157478151
5192395786735028
885981132228149
1716113465987232
6920693676203617
167662010612361
5883283457159254
1829690192859070
6802743074235800
1716113465987232
6256911157478151
5192395786735028
885981132228149
1514814739396610
5883283457159254
5656751047863664
6920693676203617
885981132228149
167662010612361
5304012986012514
1716113465987232
5304012986012514
